%YAML:1.0
---
camera_matrix: !!opencv-matrix
   rows: 3
   cols: 3
   dt: d
   data: [ 714.98957060351245, 0., 293.81982918605252, 0.,
       714.84820082964484, 236.14078394993143, 0., 0., 1. ]
dist_coeff: !!opencv-matrix
   rows: 1
   cols: 5
   dt: d
   data: [ 0.095461148295646184, 0.49395159554609003,
       0.0077303000974729367, -0.02168752143381323, -3.2500158339428169 ]
